m2 = [...
   4.6601200089900798e+00   1.1566032970687052e+00   1.3462467608000001e-05   2.0605483749999998e-06   2.0605483749999990e-06   1.7188676002000002e-05   3.0000000000000000e+00
   5.6083400803276664e+00   2.4962930450731013e-01   9.1154918169999997e-06   9.0314863899999981e-07   9.0314863899999981e-07   1.2341915725000000e-05   3.0000000000000000e+00
   5.8893521859767821e+00   2.3567091263127939e+00   3.5526726842999997e-05   3.1815589399999990e-06   3.1815589399999990e-06   2.2884729476999998e-05   3.0000000000000000e+00
   6.2093467865381164e+00  -3.3315914055397755e-01   1.6225056140999999e-05   8.1720226500000047e-07   8.1720226500000047e-07   2.3720507988999996e-05   3.0000000000000000e+00
   7.6843187444507191e+00   6.0684873546247964e-01   1.3315380784000001e-05   1.0605789150000012e-06   1.0605789150000012e-06   9.1713429259999990e-06   3.0000000000000000e+00
   1.2561717987055541e+01  -4.3394198862738538e+00   4.1914819554999998e-03  -5.7254610199999998e-04  -5.7254610199999976e-04   3.9787645025000000e-03   1.0000000000000000e+00
   7.9283037861589882e+00  -2.0153977948120296e+00   4.8733782224999999e-05   7.3854141600000010e-06   7.3854141600000010e-06   6.4736470294999990e-05   3.0000000000000000e+00
   9.1639962215133650e+00  -1.0147841275060463e+00   2.8393893243999997e-05   1.8894539000000020e-06   1.8894539000000020e-06   1.7675896515999997e-05   3.0000000000000000e+00
   8.9333592316851274e+00  -2.9944608294477515e+00   2.1799863162999998e-05   3.1447675000000002e-06   3.1447674999999985e-06   2.9113531576999999e-05   3.0000000000000000e+00
   1.3377010503459665e+01  -5.1210086755548847e+00   5.6718398261999998e-04  -6.6253123999999997e-05  -6.6253123999999969e-05   5.3219860098000003e-04   1.0000000000000000e+00
   1.5282410727085226e+01  -7.4332701111705788e+00   9.4697216523999990e-03  -1.3190058819999998e-03  -1.3190058819999998e-03   9.2171853835999983e-03   1.0000000000000000e+00
   1.0619345674920048e+01  -4.6608552473074489e+00   4.3320304827000004e-04  -3.8718712050000021e-05  -3.8718712050000049e-05   5.3761551543000008e-04   1.0000000000000000e+00
];
