map = [ ...
1.884630e+01 -3.384303e+01 1.550592e-02 2.212045e-03 2.212045e-03 1.107605e-02 4.077026e-01 2.528090e-04 3
6.787352e+01 -3.136730e+01 3.026542e-02 1.238752e-02 1.238752e-02 4.085105e-02 5.437264e-01 3.214286e-04 3
4.714076e+01 -9.677752e+00 9.392743e-03 1.063034e-03 1.063034e-03 1.253834e-02 4.059807e-01 3.813559e-04 3
3.658140e+01 -4.729952e+00 2.996520e-03 -4.460328e-05 -4.460328e-05 4.009138e-03 3.967082e-01 1.859504e-04 3
7.548057e+01 5.821239e+00 6.480222e-03 -6.254444e-04 -6.254444e-04 7.734093e-03 3.378243e-01 2.368421e-04 3
4.708902e+01 8.456085e+00 3.883181e-03 -1.577919e-04 -1.577919e-04 5.104657e-03 4.667960e-01 1.923077e-04 3
3.196174e+01 1.289497e+01 3.021322e-03 -3.582258e-04 -3.582258e-04 3.719304e-03 3.960856e-01 1.875000e-04 3
2.551692e+01 1.228804e+01 2.370708e-03 -1.967187e-04 -1.967187e-04 2.742067e-03 4.129572e-01 1.771654e-04 3
3.419913e+01 3.536245e+01 5.497602e-03 -7.313833e-04 -7.313833e-04 5.611923e-03 3.670686e-01 1.939655e-04 3
2.363691e+01 5.357167e+01 1.279054e-02 -3.677071e-04 -3.677071e-04 8.645834e-03 3.948706e-01 1.991150e-04 3
2.383375e+01 6.271273e+01 2.516337e-02 -1.103701e-03 -1.103701e-03 1.466274e-02 3.929868e-01 2.678571e-04 3
6.656303e+00 1.771192e+01 3.484231e-03 -2.558853e-04 -2.558853e-04 3.571075e-03 5.045040e-01 2.295918e-04 3
2.824836e+01 -4.372442e+01 2.320394e-02 4.253470e-03 4.253470e-03 1.501376e-02 4.472283e-01 2.528090e-04 3
6.110893e+01 1.271685e+01 1.171086e-02 -1.511727e-03 -1.511727e-03 1.675896e-02 4.691760e-01 3.750000e-04 3
7.956191e+01 2.530888e+00 1.352426e-02 3.742470e-05 3.742470e-05 2.184948e-02 3.625105e-01 3.571429e-04 3
1.428437e+01 5.193855e+01 1.197011e-02 2.197754e-04 2.197754e-04 8.324932e-03 4.230962e-01 2.142857e-04 3
2.828732e+01 3.333371e+01 1.101739e-01 -1.808737e-02 -1.808737e-02 7.294031e-02 5.591059e-01 2.812500e-03 3
6.454594e+01 1.163574e+01 8.174847e-03 -1.399495e-03 -1.399495e-03 1.571629e-02 3.664498e-01 5.113636e-04 3
6.792940e+01 -5.903751e+01 3.261310e-01 9.437187e-02 9.437187e-02 2.192455e-01 3.915139e-01 2.045455e-03 3
1.416950e+01 5.634270e+01 2.562586e-02 1.938950e-03 1.938950e-03 2.054513e-02 4.041331e-01 3.947368e-04 3
2.556654e+00 -9.881814e+00 9.484974e-03 -1.606115e-04 -1.606115e-04 1.180490e-02 4.678059e-01 3.750000e-04 3
-1.139246e+01 4.841335e+01 9.814003e-03 8.576789e-04 8.576789e-04 9.774902e-03 3.969728e-01 3.750000e-04 3
-1.246239e+01 2.199854e+01 8.178579e-03 -5.979420e-04 -5.979420e-04 7.978596e-03 4.166832e-01 3.358209e-04 3
-1.768438e+01 3.177166e+01 5.330332e-03 7.234088e-04 7.234088e-04 6.443455e-03 4.765538e-01 3.750000e-04 3
-2.671749e+00 7.390158e+01 4.893822e-02 5.561278e-03 5.561278e-03 2.770099e-02 4.799175e-01 5.113636e-04 3
-2.637261e+01 2.482516e+01 8.313436e-03 -1.604169e-04 -1.604169e-04 9.379013e-03 4.568044e-01 4.017857e-04 3
2.308517e+01 9.841644e+01 2.158597e-01 1.302358e-03 1.302358e-03 9.761176e-02 3.899559e-01 1.184211e-03 3
-3.020078e+00 8.532968e+01 1.227311e-01 1.997399e-02 1.997399e-02 6.968536e-02 5.215792e-01 1.022727e-03 3
-2.379944e+01 5.518644e+01 2.262490e-02 3.715960e-03 3.715960e-03 1.948644e-02 4.055108e-01 6.617647e-04 3
4.173967e+00 -3.999826e+01 5.330977e-02 1.250773e-02 1.250773e-02 5.077899e-02 5.093434e-01 6.818182e-04 3
-2.777415e+01 6.178915e+01 4.161026e-02 9.489835e-03 9.489835e-03 3.649413e-02 4.178343e-01 6.250000e-04 3
-3.852811e+01 -3.105889e+00 6.970322e-03 -2.859651e-04 -2.859651e-04 3.878026e-03 5.065338e-01 5.769231e-04 3
-1.033439e+01 9.149586e+01 1.770612e-01 2.018263e-02 2.018263e-02 9.071860e-02 4.263970e-01 1.406250e-03 3
-4.769870e+01 3.167674e+01 8.968994e-03 -7.517270e-04 -7.517270e-04 8.901223e-03 4.148053e-01 6.250000e-04 3
3.381272e+01 8.932469e+01 4.606868e-01 -5.268312e-02 -5.268312e-02 2.205134e-01 4.268502e-01 3.214286e-03 3
-4.771123e+00 9.429816e+01 4.152027e-01 4.314002e-02 4.314002e-02 2.079793e-01 4.935028e-01 2.812500e-03 3
-4.451741e+01 5.883670e+01 2.790289e-02 8.054385e-03 8.054385e-03 2.982824e-02 4.056705e-01 5.000000e-04 3
-3.579506e+01 1.888226e+01 9.481779e-03 -9.299165e-04 -9.299165e-04 1.009556e-02 4.048548e-01 6.818182e-04 3
-4.305285e+01 3.476910e+01 7.637462e-03 -9.975111e-04 -9.975111e-04 7.468820e-03 4.820537e-01 6.617647e-04 3
-5.761541e+01 6.119369e+00 1.165273e-02 -1.281792e-03 -1.281792e-03 1.136658e-02 4.336113e-01 5.769231e-04 3
-4.873300e+01 8.295039e+01 1.720208e-01 4.843657e-02 4.843657e-02 1.266363e-01 4.357664e-01 1.730769e-03 3
-6.199015e+01 1.723454e+01 1.593914e-02 -2.479761e-03 -2.479761e-03 2.036125e-02 4.864136e-01 7.258065e-04 3
-6.171245e+01 -1.509164e+00 2.021919e-02 -4.133717e-03 -4.133717e-03 2.033319e-02 3.926086e-01 6.818182e-04 3
-5.218478e+01 -7.813172e+00 1.347622e-02 -9.363457e-04 -9.363457e-04 1.118097e-02 5.039215e-01 5.625000e-04 3
-6.987533e+01 5.918706e+01 5.810508e-02 2.071507e-02 2.071507e-02 8.356850e-02 5.040724e-01 9.375000e-04 3
-6.993769e+01 6.599954e+01 7.322876e-02 2.777477e-02 2.777477e-02 9.335307e-02 4.756679e-01 9.782609e-04 3
-6.427792e+01 9.819384e+00 1.789207e-02 -3.692461e-03 -3.692461e-03 2.178846e-02 4.807237e-01 7.031250e-04 3
-7.661626e+01 5.621967e+01 6.590745e-02 2.287951e-02 2.287951e-02 1.066089e-01 3.896931e-01 1.022727e-03 3
-6.595439e+01 8.345504e+01 1.769221e-01 6.321349e-02 6.321349e-02 1.611373e-01 5.124243e-01 1.500000e-03 3
-2.087102e+01 -3.654934e+01 3.860799e-02 6.271211e-03 6.271211e-03 2.536678e-02 4.037727e-01 5.769231e-04 3
-6.987844e+01 -4.395049e+00 8.368859e-02 -2.289755e-02 -2.289755e-02 9.466897e-02 4.091894e-01 2.812500e-03 3
-7.253497e+01 8.626471e+01 2.960102e-01 1.073435e-01 1.073435e-01 2.601621e-01 5.325192e-01 2.250000e-03 3
-6.680791e+01 -1.528132e+01 3.791995e-02 -1.016698e-02 -1.016698e-02 3.290145e-02 4.323010e-01 7.500000e-04 3
-6.532459e+01 2.142751e+00 3.389651e-02 -8.793934e-03 -8.793934e-03 3.604070e-02 4.808139e-01 1.071429e-03 3
-6.898750e+01 -2.220647e+01 5.389718e-02 -1.517966e-02 -1.517966e-02 4.467618e-02 4.558323e-01 8.333333e-04 3
-1.000160e+02 2.786750e+01 9.288703e-02 2.589855e-03 2.589855e-03 2.040568e-01 4.763483e-01 1.500000e-03 3
-9.596681e+01 1.418855e+01 7.644920e-02 -1.769516e-02 -1.769516e-02 1.540864e-01 4.819984e-01 1.250000e-03 3
-7.385064e+01 -3.476113e+01 9.367489e-02 -2.759216e-02 -2.759216e-02 7.326644e-02 3.805052e-01 1.071429e-03 3
-2.408117e+01 -4.300312e+01 5.964107e-02 9.003017e-03 9.003017e-03 3.553541e-02 4.116709e-01 8.653846e-04 3
-8.472472e+01 -4.203139e+01 3.565713e-01 -1.271509e-01 -1.271509e-01 3.179849e-01 3.463986e-01 3.214286e-03 3
-3.917125e+01 -5.400903e+01 1.093165e-01 1.396614e-03 1.396614e-03 5.163718e-02 5.144496e-01 1.022727e-03 3
-3.479109e+01 -6.049160e+01 1.497034e-01 6.706710e-03 6.706710e-03 6.954139e-02 4.585276e-01 1.184211e-03 3
-8.891601e-02 -5.348217e+01 1.121640e-01 3.511209e-02 3.511209e-02 8.825402e-02 3.798242e-01 1.125000e-03 3
-8.084356e+01 -6.376010e+01 5.126472e-01 -1.627176e-01 -1.627176e-01 3.708953e-01 5.765988e-01 3.214286e-03 3
-8.780489e+00 -6.567007e+01 2.591225e-01 5.901572e-02 5.901572e-02 1.534094e-01 5.334821e-01 1.875000e-03 3
-7.000102e+01 -7.212627e+01 5.676188e-01 -1.395123e-01 -1.395123e-01 3.356215e-01 4.494160e-01 3.214286e-03 3
-2.001715e+01 -7.832769e+01 5.806546e-01 7.185949e-02 7.185949e-02 2.733004e-01 5.648596e-01 3.214286e-03 3
]; %end map

