map = [ ...
1.004329e+01 -4.128760e+01 6.497376e-03 8.484570e-04 8.484570e-04 5.913071e-03 4.664113e-01 1.388889e-04 3
2.498660e+01 -5.635938e+01 9.602180e-03 1.021928e-03 1.021928e-03 9.933327e-03 5.052054e-01 1.607143e-04 3
7.137250e+01 -2.371792e+01 1.318226e-02 -1.747686e-03 -1.747686e-03 1.116790e-02 4.778670e-01 2.045455e-04 3
2.635347e+01 -7.249765e+00 4.097171e-03 -7.916500e-04 -7.916500e-04 2.913295e-03 3.887870e-01 1.271186e-04 3
3.321657e+01 -4.844730e+00 3.967179e-03 -1.046734e-03 -1.046734e-03 2.948092e-03 4.741641e-01 1.461039e-04 3
3.008733e+01 2.715982e+01 6.833080e-03 3.655593e-04 3.655593e-04 8.162115e-03 4.311184e-01 1.184211e-04 3
5.155932e+01 5.562620e+01 5.700966e-03 -3.020805e-04 -3.020805e-04 6.261323e-03 5.163874e-01 1.229508e-04 3
1.780073e+01 4.575855e+01 5.689521e-03 -2.419765e-04 -2.419765e-04 7.238614e-03 4.608169e-01 1.165803e-04 3
2.131714e+01 3.189639e+01 7.110057e-03 3.072607e-04 3.072607e-04 8.799676e-03 4.873062e-01 1.178010e-04 3
5.647009e+01 -1.596159e+01 6.192097e-03 1.874785e-04 1.874785e-04 7.204154e-03 4.774480e-01 1.551724e-04 3
4.826519e+01 -4.924343e+01 1.383049e-02 7.761165e-04 7.761165e-04 1.522097e-02 4.308018e-01 1.875000e-04 3
1.456367e+01 -6.496758e+01 5.815072e-03 1.471654e-03 1.471654e-03 5.611016e-03 4.223044e-01 1.654412e-04 3
8.773332e+01 9.840020e+00 8.976462e-03 3.620630e-04 3.620630e-04 9.929676e-03 4.080234e-01 2.343750e-04 3
7.406816e+01 4.501558e+01 5.118587e-03 -1.481069e-03 -1.481069e-03 6.583769e-03 4.818946e-01 1.744186e-04 3
6.897340e+01 5.484090e+01 1.470963e-02 9.920992e-04 9.920992e-04 1.921860e-02 4.199475e-01 2.472527e-04 3
8.652826e+01 3.372167e+01 9.582823e-03 1.099875e-03 1.099875e-03 5.420910e-03 3.926243e-01 2.272727e-04 3
9.294001e+01 2.552824e+01 1.437795e-02 3.327409e-04 3.327409e-04 1.066395e-02 5.109745e-01 2.472527e-04 3
9.620830e+01 -1.279802e+01 1.059233e-02 2.404081e-03 2.404081e-03 9.942162e-03 5.256793e-01 2.616279e-04 3
6.705505e+01 6.992629e+01 4.428697e-03 4.769999e-04 4.769999e-04 4.108081e-03 5.234981e-01 1.859504e-04 3
9.137087e+01 5.185616e+01 1.067280e-02 2.327649e-03 2.327649e-03 7.476149e-03 3.909697e-01 2.812500e-04 3
7.385307e+01 6.151518e+01 9.923477e-02 -7.125388e-04 -7.125388e-04 1.063105e-01 4.185383e-01 1.250000e-03 3
7.210056e+01 5.638041e+01 8.494893e-03 -2.165545e-03 -2.165545e-03 8.219334e-03 3.937048e-01 2.777778e-04 3
9.690423e+01 7.795610e+01 1.515549e-02 3.342924e-03 3.342924e-03 1.502126e-02 3.990503e-01 2.922078e-04 3
8.774516e+01 8.508605e+01 1.012546e-02 2.363599e-03 2.363599e-03 1.409664e-02 4.899665e-01 2.777778e-04 3
6.760604e+01 5.450177e+01 1.281619e-02 -2.781155e-03 -2.781155e-03 1.183041e-02 5.139896e-01 3.308824e-04 3
6.946151e+01 9.757094e+01 1.186811e-02 -2.941967e-04 -2.941967e-04 1.571102e-02 5.060305e-01 2.710843e-04 3
9.770394e+01 9.556764e+01 2.706459e-02 3.777691e-03 3.777691e-03 3.080439e-02 3.890417e-01 3.629032e-04 3
9.894589e+00 7.744245e+01 3.678361e-03 -8.369261e-04 -8.369261e-04 3.817214e-03 5.234516e-01 1.315789e-04 3
6.033823e+00 6.795857e+01 2.183900e-03 1.024767e-03 1.024767e-03 2.287457e-03 4.018220e-01 1.520270e-04 3
2.720569e+00 9.213451e+01 9.956186e-03 -5.171190e-04 -5.171190e-04 1.115580e-02 4.934009e-01 2.045455e-04 3
-1.545109e+01 8.139362e+01 4.646141e-03 -5.093072e-04 -5.093072e-04 5.221284e-03 3.985043e-01 1.890756e-04 3
-1.742950e+01 6.326998e+01 2.167765e-03 -3.093572e-04 -3.093572e-04 3.397821e-03 4.549177e-01 2.027027e-04 3
-2.449916e+01 8.487732e+01 6.401580e-03 -3.712771e-04 -3.712771e-04 7.853142e-03 4.242758e-01 2.184466e-04 3
-2.853896e+01 9.077283e+01 1.109079e-02 2.283219e-05 2.283219e-05 1.347818e-02 5.250993e-01 2.368421e-04 3
-2.693753e+01 4.990973e+01 5.321808e-03 5.830321e-04 5.830321e-04 6.331642e-03 4.590112e-01 1.541096e-04 3
-1.950747e+01 2.972307e+01 1.264342e-01 7.607828e-03 7.607828e-03 1.537608e-01 5.411259e-01 1.607143e-03 3
-4.737119e+01 7.928242e+01 6.308020e-03 -1.215790e-03 -1.215790e-03 8.006810e-03 3.733110e-01 2.045455e-04 3
-3.433618e+01 1.937432e+01 1.523507e-03 -4.245800e-04 -4.245800e-04 3.644044e-03 3.836736e-01 1.256983e-04 3
-6.231255e+01 7.996954e+01 1.193568e-02 -2.298536e-03 -2.298536e-03 1.212607e-02 4.787890e-01 2.393617e-04 3
-4.303288e+01 5.805761e+01 1.830100e-03 7.923770e-04 7.923770e-04 4.262283e-03 4.215753e-01 2.102804e-04 3
-6.673723e+00 -2.854021e+00 9.686981e-03 -2.040160e-03 -2.040160e-03 1.106987e-02 4.573960e-01 2.027027e-04 3
-7.100321e+01 8.577189e+01 2.181018e-02 -3.362617e-03 -3.362617e-03 2.256324e-02 4.847179e-01 3.040541e-04 3
-6.162047e+01 4.905561e+01 5.409029e-03 6.050822e-04 6.050822e-04 6.188684e-03 4.870285e-01 2.250000e-04 3
-1.751603e+01 -1.914554e+00 7.520466e-03 6.850152e-04 6.850152e-04 8.966637e-03 4.438051e-01 1.415094e-04 3
-7.911624e+01 5.462627e+01 8.754989e-03 -1.144087e-03 -1.144087e-03 4.031396e-03 4.137147e-01 2.393617e-04 3
-8.203699e+01 6.284446e+01 1.394152e-02 -2.010977e-03 -2.010977e-03 9.871989e-03 4.848923e-01 2.528090e-04 3
-7.323530e+01 4.829490e+01 2.954471e-03 9.879452e-04 9.879452e-04 6.199900e-03 3.683189e-01 2.250000e-04 3
-8.458760e+01 7.976750e+01 2.422685e-02 -3.102784e-03 -3.102784e-03 2.181607e-02 4.407904e-01 2.922078e-04 3
-7.139197e+01 2.307912e+01 8.666370e-03 -8.274755e-04 -8.274755e-04 7.462585e-03 4.077674e-01 1.757812e-04 3
-6.449901e+01 4.224274e+00 7.245781e-02 -3.383479e-03 -3.383479e-03 7.077055e-02 4.286295e-01 5.487805e-04 3
-8.198803e+01 3.809592e+01 2.727950e-03 -5.197725e-04 -5.197725e-04 7.719604e-03 4.099482e-01 3.125000e-04 3
-8.196742e+01 1.545925e+01 4.743135e-03 -1.831310e-03 -1.831310e-03 2.811013e-03 4.699208e-01 2.083333e-04 3
-9.866149e+01 3.774800e+01 1.715785e-02 1.275361e-03 1.275361e-03 9.903247e-03 5.025768e-01 3.308824e-04 3
-5.454962e+01 -7.058429e+00 6.292682e-03 6.000051e-04 6.000051e-04 3.045225e-03 4.605021e-01 1.654412e-04 3
-2.722246e+01 -8.623800e+00 7.072286e-03 -1.582687e-04 -1.582687e-04 7.018236e-03 4.489462e-01 1.171875e-04 3
-4.969920e+01 -9.392841e+00 7.123186e-03 3.644544e-04 3.644544e-04 4.034509e-03 4.811182e-01 1.406250e-04 3
-9.839244e+01 2.162934e+01 1.425206e-02 3.380563e-03 3.380563e-03 1.198085e-02 4.730933e-01 2.848101e-04 3
-8.815113e+01 -3.360409e+00 9.658731e-03 1.766273e-03 1.766273e-03 1.349221e-02 5.003109e-01 2.295918e-04 3
-8.468300e+01 -8.241543e+00 8.686167e-03 7.852333e-04 7.852333e-04 1.224012e-02 5.017045e-01 2.083333e-04 3
-7.255311e+01 -1.389216e+01 6.087721e-03 -3.003367e-04 -3.003367e-04 8.791682e-03 3.952167e-01 1.541096e-04 3
-8.329302e+01 -1.839373e+01 9.894356e-03 -4.725371e-04 -4.725371e-04 1.218918e-02 4.738428e-01 2.393617e-04 3
-9.785877e+01 -1.494267e+01 1.460311e-02 -6.199975e-04 -6.199975e-04 1.681992e-02 4.546177e-01 2.616279e-04 3
-7.065179e+01 -2.081287e+01 9.301595e-03 -7.718941e-04 -7.718941e-04 1.086957e-02 4.699147e-01 2.250000e-04 3
-7.406200e+01 -4.545867e+01 4.650962e-03 1.946829e-03 1.946829e-03 5.645554e-03 3.799485e-01 1.890756e-04 3
-5.171060e+01 -3.962716e+01 2.684065e-03 1.138767e-03 1.138767e-03 4.012263e-03 4.885946e-01 1.363636e-04 3
-8.427843e+01 -5.077849e+01 4.100136e-03 1.267205e-03 1.267205e-03 6.751276e-03 4.164685e-01 2.743902e-04 3
-7.611491e+01 -4.961718e+01 1.174162e-01 2.730728e-03 2.730728e-03 1.307326e-01 5.236169e-01 1.125000e-03 3
-1.407524e+01 -5.525443e+00 5.388756e-03 1.896156e-04 1.896156e-04 5.833333e-03 4.647209e-01 1.153846e-04 3
-1.007209e+02 -2.680465e+01 1.481007e-02 -2.718123e-03 -2.718123e-03 1.451213e-02 5.211632e-01 3.308824e-04 3
-6.153720e+01 -5.591919e+01 4.444540e-03 1.193414e-03 1.193414e-03 4.783860e-03 4.406483e-01 1.642336e-04 3
-9.900636e+01 -6.058615e+01 5.789426e-03 -9.589427e-04 -9.589427e-04 4.822441e-03 4.409767e-01 3.629032e-04 3
-1.937336e+01 -1.878371e+01 5.002415e-03 -1.053403e-03 -1.053403e-03 4.508109e-03 4.149523e-01 1.442308e-04 3
-9.876340e+00 -1.701308e+01 4.205565e-03 -1.243601e-03 -1.243601e-03 4.318187e-03 5.201099e-01 1.442308e-04 3
